[0]: 1	4567	1503	1504	1505	4566	1506	1507	1508	1509	4565	1510	1511	1512	4564	4563	1513	1514	1515	1516	1517	4562	4561	1518	2812	3194	3193	2938	3080	2939	3037	3052	
[1]: 1	3286	5956	5955	5954	1460	2948	2949	2950	3188	2951	2952	2953	2954	3187	3053	2955	3081	3022	3125	3178	3162	2963	2962	3180	3181	2961	2960	2959	3168	2958	2957	3183	3184	2956	3185	3186	
[2]: 1	252	253	5875	254	255	5874	256	5873	257	5872	5871	5870	5869	258	259	260	261	1459	2982	2967	3175	3035	3021	2972	3127	3163	3164	2971	3165	3166	3167	2970	3132	3169	3170	3171	2998	2969	3173	3174	2968	
[3]: 1	2889	3236	3237	3238	2888	2887	2886	2885	2884	2883	2882	2881	3239	2880	2879	2878	2877	2876	2875	2874	2873	2922	
[4]: 1	205	206	207	5920	5919	208	5918	5917	209	210	211	212	213	5916	5915	5914	214	5913	215	5912	5911	3268	2837	2836	3269	3270	2926	2927	3091	3054	3024	3036	3092	3124	3161	3192	3179	2929	2928	3200	
[5]: 1	1461	1462	4610	4609	4608	4607	1463	4606	4605	1464	1465	1466	1467	1468	1469	4604	4603	1470	1471	1472	1473	4602	4601	1474	4600	4599	1475	1476	1477	4598	4597	4596	4595	1478	1479	1480	4594	3280	2816	3281	3282	
[6]: 1	3291	2806	2807	3111	3072	3073	3011	3012	3013	3014	3015	3110	3016	3017	3109	3108	3107	3018	3019	3106	3227	3177	2941	3216	3199	3218	3230	2901	2900	2899	3231	2898	2897	3232	3233	2896	2895	3234	2904	2893	2892	2903	2890	3235	
[7]: 1	1447	3085	3084	3083	3049	3050	3051	3087	3048	3047	3046	3045	3149	2989	3148	2990	3147	3146	3145	3144	3143	3142	3141	3140	3139	2991	3082	3093	3126	3104	3001	3128	3129	3130	3000	2999	3131	3105	3133	3134	3135	3020	3136	2997	2996	2995	3137	3138	2994	2993	2992	
[8]: 1	384	5724	385	386	5723	5722	387	388	389	390	391	5721	392	393	5720	394	395	5719	396	5718	5717	397	398	399	5716	5715	1458	3086	3034	3003	3038	2966	3023	3103	3160	2964	3198	2940	2923	3219	2918	3220	3221	2917	3222	2916	3223	2915	2914	2913	2912	3224	2911	2910	
[9]: 1	5158	913	5157	914	5156	5155	5154	5153	915	5152	5151	916	5150	917	918	5149	5148	919	5147	5146	5145	5144	920	5143	5142	5141	921	922	5140	5139	923	924	925	926	927	928	5138	5137	929	5136	930	5135	5134	931	932	5133	5132	933	934	5131	5130	5129	935	5128	1451	936	5127	937	5126	938	5125	5124	5123	5122	5121	5120	5119	939	940	5118	5117	941	942	943	5116	5115	944	945	5114	946	947	948	5113	5112	949	950	5111	951	5110	952	953	954	955	5109	5108	956	957	
lol = 467
